train:  Counter({0: 52569, 1: 52569, 4: 52569, 3: 48423, 2: 42225})
test:  Counter({0: 8131860, 4: 389189, 1: 140283, 2: 6991, 3: 6307})
XGBOOST_CLF :
Confusion Matrix:

[[6945642   86361   21110   93385  985362]
 [   2487  106263    5519    8735   17279]
 [    119     593    5573     150     556]
 [    339     859      58    4396     655]
 [  65095   76359   38503   48816  160416]]


Accuracy:  0.8325761444580345

Classification Report:
              precision    recall  f1-score   support

           0       0.99      0.85      0.92   8131860
           1       0.39      0.76      0.52    140283
           2       0.08      0.80      0.14      6991
           3       0.03      0.70      0.05      6307
           4       0.14      0.41      0.21    389189

    accuracy                           0.83   8674630
   macro avg       0.33      0.70      0.37   8674630
weighted avg       0.94      0.83      0.88   8674630


AUC ROC:  0.9317159065661681



SVM :
Confusion Matrix:

[[6758982  273982   84303  350160  664433]
 [  13525   89774   11739    9049   16196]
 [    233     492    5560     251     455]
 [    759     757     111    4170     510]
 [ 106408   70445   50911   51871  109554]]


Accuracy:  0.8032665370165644

Classification Report:
              precision    recall  f1-score   support

           0       0.98      0.83      0.90   8131860
           1       0.21      0.64      0.31    140283
           2       0.04      0.80      0.07      6991
           3       0.01      0.66      0.02      6307
           4       0.14      0.28      0.19    389189

    accuracy                           0.80   8674630
   macro avg       0.27      0.64      0.30   8674630
weighted avg       0.93      0.80      0.86   8674630




LOGISTIC_REGRESSION :
Confusion Matrix:

[[6496757  277649   93230  397644  866580]
 [  11058   86660   12271    8674   21620]
 [    181     411    5702     216     481]
 [    637     696     112    4180     682]
 [  89059   63531   53900   51110  131589]]


Accuracy:  0.7752362924989308

Classification Report:
              precision    recall  f1-score   support

           0       0.98      0.80      0.88   8131860
           1       0.20      0.62      0.30    140283
           2       0.03      0.82      0.07      6991
           3       0.01      0.66      0.02      6307
           4       0.13      0.34      0.19    389189

    accuracy                           0.78   8674630
   macro avg       0.27      0.65      0.29   8674630
weighted avg       0.93      0.78      0.84   8674630


AUC ROC:  0.8836001563461074



NN :
Confusion Matrix:

[[7099393   33695    7520   93487  897765]
 [   1235  107240    5266    7829   18713]
 [     38     399    5807      68     679]
 [    278     365      35    4891     738]
 [  54967   63832   32503   46834  191053]]


Accuracy:  0.8540288173674266

Classification Report:
              precision    recall  f1-score   support

           0       0.99      0.87      0.93   8131860
           1       0.52      0.76      0.62    140283
           2       0.11      0.83      0.20      6991
           3       0.03      0.78      0.06      6307
           4       0.17      0.49      0.26    389189

    accuracy                           0.85   8674630
   macro avg       0.37      0.75      0.41   8674630
weighted avg       0.95      0.85      0.89   8674630


AUC ROC:  0.9452612652786229



RANDOM_FOREST :
Confusion Matrix:

[[7190732   52519    9116   74968  804525]
 [   1567  109920    5157    7108   16531]
 [     58     459    5858     101     515]
 [    303     580      41    4722     661]
 [  60467   69864   36345   47274  175239]]


Accuracy:  0.863030584589775

Classification Report:
              precision    recall  f1-score   support

           0       0.99      0.88      0.93   8131860
           1       0.47      0.78      0.59    140283
           2       0.10      0.84      0.18      6991
           3       0.04      0.75      0.07      6307
           4       0.18      0.45      0.25    389189

    accuracy                           0.86   8674630
   macro avg       0.36      0.74      0.41   8674630
weighted avg       0.94      0.86      0.90   8674630


AUC ROC:  0.9447009329543222



NAIVE_BAYES :
Confusion Matrix:

[[3387551  391933 3547012  136381  668983]
 [  13726   31685   82602    4758    7512]
 [     36      59    6638      87     171]
 [    623     317    4442     586     339]
 [  58551   32410  249554   10584   38090]]


Accuracy:  0.3993887923750062

Classification Report:
              precision    recall  f1-score   support

           0       0.98      0.42      0.58   8131860
           1       0.07      0.23      0.11    140283
           2       0.00      0.95      0.00      6991
           3       0.00      0.09      0.01      6307
           4       0.05      0.10      0.07    389189

    accuracy                           0.40   8674630
   macro avg       0.22      0.36      0.15   8674630
weighted avg       0.92      0.40      0.55   8674630


AUC ROC:  0.6973453322055418




real    49m24.630s
user    63m48.413s
sys     6m6.935s
