train:  Counter({0: 54554, 1: 54554, 4: 52717, 3: 49584, 2: 45631})
test:  Counter({0: 7759084, 4: 365320, 1: 133698, 3: 6201, 2: 6004})



XGBOOST_CLF :
Confusion Matrix:

[[6623224   69978   23484   91217  951181]
 [   2374   99906    5721   10087   15610]
 [     82     545    4677     113     587]
 [    356     765      36    4442     602]
 [  58949   70084   35603   49518  151166]]


Accuracy:  0.8323046532613602

Classification Report:
              precision    recall  f1-score   support

           0       0.99      0.85      0.92   7759084
           1       0.41      0.75      0.53    133698
           2       0.07      0.78      0.12      6004
           3       0.03      0.72      0.05      6201
           4       0.14      0.41      0.20    365320

    accuracy                           0.83   8270307
   macro avg       0.33      0.70      0.37   8270307
weighted avg       0.94      0.83      0.88   8270307


AUC ROC:  0.9331952444207975



SVM :
Confusion Matrix:

[[6509880  260160   82702  324756  581586]
 [  12364   87377   11852    9136   12969]
 [    190     461    4610     302     441]
 [    939     809      80    3978     395]
 [ 103627   69595   47985   50862   93251]]


Accuracy:  0.8100178143326481

Classification Report:
              precision    recall  f1-score   support

           0       0.98      0.84      0.91   7759084
           1       0.21      0.65      0.32    133698
           2       0.03      0.77      0.06      6004
           3       0.01      0.64      0.02      6201
           4       0.14      0.26      0.18    365320

    accuracy                           0.81   8270307
   macro avg       0.27      0.63      0.30   8270307
weighted avg       0.93      0.81      0.86   8270307




LOGISTIC_REGRESSION :
Confusion Matrix:

[[6247364  261139   80490  360947  809144]
 [   9749   83765   11771    9000   19413]
 [    141     404    4666     261     532]
 [    746     727      74    4012     642]
 [  85259   60849   47590   50549  121073]]


Accuracy:  0.7812140468304261

Classification Report:
              precision    recall  f1-score   support

           0       0.98      0.81      0.89   7759084
           1       0.21      0.63      0.31    133698
           2       0.03      0.78      0.06      6004
           3       0.01      0.65      0.02      6201
           4       0.13      0.33      0.18    365320

    accuracy                           0.78   8270307
   macro avg       0.27      0.64      0.29   8270307
weighted avg       0.93      0.78      0.84   8270307


AUC ROC:  0.8813969828760134



NN :
Confusion Matrix:

[[6874691   31995   14061   95763  742574]
 [   1171  102372    5276    7352   17527]
 [     40     351    5060      43     510]
 [    254     377      21    4871     678]
 [  55195   57747   35086   47485  169807]]


Accuracy:  0.8653609835765468

Classification Report:
              precision    recall  f1-score   support

           0       0.99      0.89      0.94   7759084
           1       0.53      0.77      0.63    133698
           2       0.09      0.84      0.15      6004
           3       0.03      0.79      0.06      6201
           4       0.18      0.46      0.26    365320

    accuracy                           0.87   8270307
   macro avg       0.36      0.75      0.41   8270307
weighted avg       0.95      0.87      0.90   8270307


AUC ROC:  0.9461065531102208



RANDOM_FOREST :
Confusion Matrix:

[[6845835   43477    9112   76189  784471]
 [   1773  104894    4747    7749   14535]
 [     52     447    4946      62     497]
 [    256     601      25    4735     584]
 [  54518   66067   32406   48428  163901]]


Accuracy:  0.861432471611997

Classification Report:
              precision    recall  f1-score   support

           0       0.99      0.88      0.93   7759084
           1       0.49      0.78      0.60    133698
           2       0.10      0.82      0.17      6004
           3       0.03      0.76      0.07      6201
           4       0.17      0.45      0.25    365320

    accuracy                           0.86   8270307
   macro avg       0.36      0.74      0.40   8270307
weighted avg       0.95      0.86      0.90   8270307


AUC ROC:  0.9454794389607931



NAIVE_BAYES :
Confusion Matrix:

[[3748210  230104 3209477   14345  556948]
 [  14164   25256   83645    3177    7456]
 [     39      40    5748      41     136]
 [    843     423    4042     597     296]
 [  62964   25780  233450    6547   36579]]


Accuracy:  0.46145687215722464

Classification Report:
              precision    recall  f1-score   support

           0       0.98      0.48      0.65   7759084
           1       0.09      0.19      0.12    133698
           2       0.00      0.96      0.00      6004
           3       0.02      0.10      0.04      6201
           4       0.06      0.10      0.08    365320

    accuracy                           0.46   8270307
   macro avg       0.23      0.37      0.18   8270307
weighted avg       0.92      0.46      0.61   8270307


AUC ROC:  0.7177707375897331




real    53m0.823s
user    64m48.342s
sys     5m58.151s
